id 	 feature1 	 feature2 	 feature3
10	4	4	2
101	9	4	2
103	2	4	1
105	5	2	2
107	2	4	1
109	3	4	1
110	2	4	1
111	5	2	2
113	6	2	3
115	8	2	2
117	14	4	2
119	3	4	1
120	2	4	1
122	2	4	1
124	2	4	1
126	2	1	2
128	3	4	1
13	2	3	0
131	3	4	1
133	7	4	2
135	2	4	1
137	0	4	0
139	8	4	1
140	2	4	1
142	2	4	1
144	2	4	1
146	7	4	2
148	3	4	1
15	2	4	1
151	3	4	1
153	2	4	1
155	3	4	1
157	2	4	1
159	5	4	2
160	7	4	1
162	2	3	0
164	3	4	1
166	2	4	1
168	2	4	1
17	6	4	2
171	2	4	1
173	2	1	2
175	6	4	3
177	2	4	1
179	2	3	0
180	6	4	2
182	2	4	1
184	2	4	1
186	2	4	1
188	3	4	1
19	5	3	2
191	3	4	1
193	3	4	1
195	3	4	2
197	2	4	1
199	7	2	3
20	2	4	1
22	2	4	1
24	8	2	3
26	5	4	3
28	3	4	1
3	3	4	2
31	2	4	1
33	2	4	1
35	2	4	1
37	2	4	1
39	2	4	1
40	6	2	2
42	2	4	1
44	2	4	1
46	4	3	1
48	2	4	1
5	2	1	2
51	5	4	2
53	7	4	1
55	2	4	1
57	4	4	1
59	3	4	1
60	3	3	1
62	2	4	1
64	5	4	2
66	2	3	0
68	7	4	2
7	4	3	3
71	3	4	1
73	2	4	1
75	3	4	1
77	3	4	2
79	11	4	2
80	4	4	1
82	2	4	1
84	3	4	1
86	3	4	1
88	3	1	2
9	3	4	1
91	6	4	4
93	7	3	1
95	0	4	0
97	0	4	0
99	0	4	0
249	0	4	0
204	2	1	2
250	0	4	0
211	3	4	1
244	2	4	1
210	5	2	2
232	2	4	1
214	4	1	2
218	5	4	2
201	3	4	1
217	5	2	2
216	5	2	2
238	2	1	2
236	2	4	1
230	2	4	1
226	3	4	1
203	6	1	2
248	2	4	1
233	3	4	2
213	2	4	1
215	2	4	1
209	5	2	2
245	2	3	1
227	6	4	2
224	6	2	5
252	3	4	1
254	3	4	1
256	5	2	2
258	3	4	1
260	3	4	1
262	2	4	1
264	2	3	1
266	7	4	2
268	2	4	1
270	2	4	1
272	5	2	2
274	3	4	2
276	2	4	1
278	3	4	1
280	2	4	1
282	2	4	1
284	3	1	2
286	7	2	3
288	2	4	1
290	2	4	1
292	3	4	1
294	2	4	1
296	2	4	1
298	2	4	1
300	2	4	1
302	3	4	1
304	3	4	1
306	3	3	1
308	2	3	0
310	5	2	2
313	5	1	3
314	4	4	2
316	2	4	1
318	2	4	1
320	4	4	1
322	3	1	2
324	4	4	1
326	3	4	1
328	6	4	2
330	2	4	1
332	2	4	1
334	6	2	2
336	4	4	2
338	3	4	2
340	3	4	3
342	0	4	0
344	2	3	0
346	2	4	1
348	11	2	2
350	5	2	2